[gd_scene load_steps=8 format=2]

[ext_resource path="res://Map/Camera.gd" type="Script" id=1]
[ext_resource path="res://Map/Map.gd" type="Script" id=2]
[ext_resource path="res://LineRenderer/LineRenderer.tscn" type="PackedScene" id=3]
[ext_resource path="res://line.png" type="Texture" id=4]

[sub_resource type="ProceduralSky" id=1]
sky_top_color = Color( 0.662745, 0.866667, 1, 1 )
sky_horizon_color = Color( 0.294118, 0.717647, 1, 1 )
sky_curve = 0.527071
ground_bottom_color = Color( 0, 0.341176, 0.521569, 1 )
ground_horizon_color = Color( 0.294118, 0.717647, 1, 1 )
ground_curve = 0.251068
sun_color = Color( 0.662745, 0.866667, 1, 1 )
sun_curve = 0.282843

[sub_resource type="Environment" id=2]
background_mode = 2
background_sky = SubResource( 1 )
background_sky_custom_fov = 151.9
ambient_light_energy = 0.1
tonemap_mode = 2
ssao_enabled = true
ssao_radius = 26.85
ssao_intensity = 13.09
ssao_radius2 = 7.62
ssao_intensity2 = 4.41
ssao_bias = 0.003
ssao_light_affect = 1.0
ssao_edge_sharpness = 1.0
dof_blur_far_enabled = true
dof_blur_far_distance = 64.69
dof_blur_far_transition = 65.46
dof_blur_far_amount = 0.05
dof_blur_near_enabled = true
dof_blur_near_distance = 12.29
dof_blur_near_transition = 2.88
glow_enabled = true

[sub_resource type="SpatialMaterial" id=3]
albedo_texture = ExtResource( 4 )

[node name="Map" type="Spatial"]
script = ExtResource( 2 )
period = 10.0

[node name="Camera" type="Camera" parent="."]
transform = Transform( 1, 0, 0, 0, 0.919561, 0.392947, 0, -0.392947, 0.919561, -2.81675, 25.7026, 101.771 )
current = true
near = 0.02
far = 3907.3
script = ExtResource( 1 )

[node name="Tween" type="Tween" parent="Camera"]

[node name="WorldEnvironment" type="WorldEnvironment" parent="."]
environment = SubResource( 2 )

[node name="OmniLight" type="OmniLight" parent="."]
transform = Transform( -0.830567, 0, -0.556919, 0, 1, 0, 0.556919, 0, -0.830567, -25.3694, 82.3736, -81.6592 )
light_bake_mode = 0
shadow_enabled = true
omni_range = 300.0
omni_shadow_mode = 0
omni_shadow_detail = 0

[node name="OmniLight2" type="OmniLight" parent="."]
transform = Transform( 0.871591, 0, 0.490234, 0, 1, 0, -0.490234, 0, 0.871591, 18.8866, 51.2196, 166.479 )
light_bake_mode = 0
shadow_enabled = true
omni_range = 200.0
omni_shadow_mode = 0
omni_shadow_detail = 0

[node name="LineRenderer" parent="." instance=ExtResource( 3 )]
material_override = SubResource( 3 )
cast_shadow = 0
points = [ Vector3( 0, 0, 0 ), Vector3( 0, 7, 0 ) ]
startThickness = 1.0
endThickness = 1.0
