[gd_scene load_steps=14 format=2]

[ext_resource path="res://Characters/2d/RangedGolem2d.tscn" type="PackedScene" id=1]
[ext_resource path="res://Helper/SceneBillboard.tscn" type="PackedScene" id=2]
[ext_resource path="res://Graphics/UI/CrsytalShard0000.png" type="Texture" id=3]
[ext_resource path="res://Characters/OrbitFollow.gd" type="Script" id=4]
[ext_resource path="res://Characters/RangedGolem.gd" type="Script" id=5]

[sub_resource type="CapsuleShape" id=1]
radius = 1.5

[sub_resource type="Curve3D" id=2]
_data = {
"points": PoolVector3Array( 0, 0, 0, 0, 0, 0, 0.00102675, -0.0064311, 0.00570703, 0, 0, 0, 0, 0, 0, 0.00102675, -0.0064311, 0.00570703, 0, 0, 0, 0, 0, 0, -0.317505, -0.00642371, 0.690245, 0, 0, 0, 0, 0, 0, -0.890372, -0.00642371, 1.11236, 0, 0, 0, 0, 0, 0, -1.49339, -0.00642371, 1.25306, 0, 0, 0, 0, 0, 0, -2.0763, -0.00642371, 1.10231, 0, 0, 0, 0, 0, 0, -2.61902, -0.00642371, 0.760597, 0, 0, 0, 0, 0, 0, -2.85018, -0.00642371, 0.348536, 0, 0, 0, 0, 0, 0, -3.01098, -0.00642371, -0.294682, 0, 0, 0, 0, 0, 0, -2.83008, -0.00642371, -0.9178, 0, 0, 0, 0, 0, 0, -2.53862, -0.00642371, -1.34996, 0, 0, 0, 0, 0, 0, -2.0763, -0.00642371, -1.65147, 0, 0, 0, 0, 0, 0, -0.880322, -0.00642371, -1.67157, 0, 0, 0, 0, 0, 0, -0.387859, -0.00642371, -1.31981, 0, 0, 0, 0, 0, 0, -0.0461475, -0.00642371, -0.706744, 0, 0, 0, 0, 0, 0, 0.00102675, -0.0064311, 0.00570703 ),
"tilts": PoolRealArray( 0, 0, 0, 0, 0, 0, 0, 0, 0, 0, 0, 0, 0, 0, 0, 0 )
}

[sub_resource type="SpatialMaterial" id=3]
flags_transparent = true
params_billboard_mode = 1
albedo_texture = ExtResource( 3 )

[sub_resource type="QuadMesh" id=4]
material = SubResource( 3 )
size = Vector2( 0.6, 0.6 )

[sub_resource type="Curve3D" id=5]
_data = {
"points": PoolVector3Array( 0, 0, 0, 0, 0, 0, 1.7306, 1.04031, 1.99931, 0, 0, 0, 0, 0, 0, 1.61001, 0.967815, 2.79328, 0, 0, 0, 0, 0, 0, 1.29991, 0.781409, 3.52695, 0, 0, 0, 0, 0, 0, 0.774474, 0.465555, 3.89881, 0, 0, 0, 0, 0, 0, 0.00784722, 0.00471944, 4.00937, 0, 0, 0, 0, 0, 0, -0.672641, -0.404337, 3.91891, 0, 0, 0, 0, 0, 0, -1.27561, -0.766792, 3.4968, 0, 0, 0, 0, 0, 0, -1.65461, -0.994621, 2.86363, 0, 0, 0, 0, 0, 0, -1.74075, -1.0464, 1.98926, 0, 0, 0, 0, 0, 0, -1.62016, -0.97391, 1.17519, 0, 0, 0, 0, 0, 0, -1.22392, -0.735725, 0.60232, 0, 0, 0, 0, 0, 0, -0.672641, -0.404337, 0.119907, 0, 0, 0, 0, 0, 0, -0.000766575, -0.000458509, -0.000697136, 0, 0, 0, 0, 0, 0, 0.740018, 0.444844, 0.099806, 0, 0, 0, 0, 0, 0, 1.27407, 0.765875, 0.481717, 0, 0, 0, 0, 0, 0, 1.66169, 0.998882, 1.12493, 0, 0, 0, 0, 0, 0, 1.7306, 1.04031, 1.99931 ),
"tilts": PoolRealArray( 0, 0, 0, 0, 0, 0, 0, 0, 0, 0, 0, 0, 0, 0, 0, 0, 0 )
}

[sub_resource type="SpatialMaterial" id=6]
flags_transparent = true
params_billboard_mode = 1
params_grow = true
params_grow_amount = 0.0
albedo_texture = ExtResource( 3 )

[sub_resource type="QuadMesh" id=7]
material = SubResource( 6 )
size = Vector2( 0.4, 0.4 )

[sub_resource type="Curve3D" id=8]
_data = {
"points": PoolVector3Array( 0, 0, 0, 0, 0, 0, -0.00797188, 0.365307, 0.801566, 0, 0, 0, 0, 0, 0, 0.972718, 0.932005, 1.00257, 0, 0, 0, 0, 0, 0, 1.46064, 1.17491, 1.9272, 0, 0, 0, 0, 0, 0, 0.918997, 0.827835, 2.98248, 0, 0, 0, 0, 0, 0, -0.0261396, 0.0217198, 3.50509, 0, 0, 0, 0, 0, 0, -0.83017, -0.473177, 2.98248, 0, 0, 0, 0, 0, 0, -1.24177, -0.962949, 2.03775, 0, 0, 0, 0, 0, 0, -0.996568, -1.32986, 1.35433, 0, 0, 0, 0, 0, 0, 0.0629762, -1.36235, 0.449805, 0, 0, 0, 0, 0, 0, 1.33319, -1.06908, 1.07292, 0, 0, 0, 0, 0, 0, 1.72435, -1.04389, 1.9875, 0, 0, 0, 0, 0, 0, 1.13261, -1.08199, 3.24378, 0, 0, 0, 0, 0, 0, 0.050712, -1.17179, 3.69102, 0, 0, 0, 0, 0, 0, -1.29358, -1.40941, 2.57042, 0, 0, 0, 0, 0, 0, -1.64195, -0.84772, 1.9272, 0, 0, 0, 0, 0, 0, -1.27892, -0.542355, 1.23373, 0, 0, 0, 0, 0, 0, -0.44801, -0.0549359, 0.664755, 0, 0, 0, 0, 0, 0, -0.00797188, 0.365307, 0.801566 ),
"tilts": PoolRealArray( 0, 0, 0, 0, 0, 0, 0, 0, 0, 0, 0, 0, 0, 0, 0, 0, 0, 0 )
}

[node name="RangedGolem" type="RigidBody"]
collision_layer = 2050
mode = 3
script = ExtResource( 5 )

[node name="SceneBillboard" parent="." instance=ExtResource( 2 )]
transform = Transform( 1, 0, 0, 0, 1, 0, 0, 0, 1, 0, 2.55691, 0 )
output_size = Vector2( 7, 7 )
scene = ExtResource( 1 )

[node name="CollisionShape" type="CollisionShape" parent="."]
transform = Transform( 1, 0, 0, 0, -4.37114e-08, -1, 0, 1, -4.37114e-08, 0, 2.55691, 0 )
shape = SubResource( 1 )

[node name="OrbitPath" type="Path" parent="."]
transform = Transform( 0.857068, 0.515203, 0, -0.515203, 0.857068, 0, 0, 0, 1, 1.29934, 2.06444, 0.266002 )
curve = SubResource( 2 )

[node name="OrbitFollow" type="PathFollow" parent="OrbitPath"]
transform = Transform( 0.719288, 1.15851e-06, 0.694712, -1.23193e-06, 1, -3.92095e-07, -0.694712, -5.7381e-07, 0.719288, 0.00102675, -0.0064311, 0.00570703 )
script = ExtResource( 4 )
crystalSpeed = 4.0

[node name="Crystal" type="MeshInstance" parent="OrbitPath/OrbitFollow"]
mesh = SubResource( 4 )
material/0 = null

[node name="OrbitPath2" type="Path" parent="."]
transform = Transform( 0.997934, 0.0642536, 0, -0.0642536, 0.997934, 0, 0, 0, 1, -0.00720084, 2.83831, -2.00536 )
curve = SubResource( 5 )

[node name="OrbitFollow" type="PathFollow" parent="OrbitPath2"]
transform = Transform( 0.719288, 1.15851e-06, 0.694712, -1.23193e-06, 1, -3.92095e-07, -0.694712, -5.7381e-07, 0.719288, 1.7306, 1.04031, 1.99931 )
script = ExtResource( 4 )
crystalSpeed = -6.0

[node name="Crystal" type="MeshInstance" parent="OrbitPath2/OrbitFollow"]
transform = Transform( 1, 4.10048e-08, 2.98023e-08, -3.15191e-09, 1, -1.14965e-08, 2.98023e-08, 4.49791e-09, 1, 0, 0, 0 )
mesh = SubResource( 7 )
material/0 = null

[node name="OrbitPath3" type="Path" parent="."]
transform = Transform( -0.0123833, -0.000797319, -0.999923, -0.0642536, 0.997934, 0, 0.997857, 0.0642487, -0.0124089, 2.00286, 2.83831, -0.0355066 )
curve = SubResource( 8 )

[node name="OrbitFollow" type="PathFollow" parent="OrbitPath3"]
transform = Transform( 0.719288, 1.15851e-06, 0.694712, -1.23193e-06, 1, -3.92095e-07, -0.694712, -5.7381e-07, 0.719288, -0.00797188, 0.365307, 0.801566 )
script = ExtResource( 4 )
crystalSpeed = 8.0

[node name="Crystal" type="MeshInstance" parent="OrbitPath3/OrbitFollow"]
transform = Transform( 1, 4.10048e-08, 2.98023e-08, -3.15191e-09, 1, -1.14965e-08, 2.98023e-08, 4.49791e-09, 1, 0, 0, 0 )
mesh = SubResource( 7 )
material/0 = null
